FRAMES = 10
HIGH = 7.99988
LOW = 6.40948
AVG = 7.29645
