FRAMES = 10
HIGH = 9.37589
LOW = 5.9212
AVG = 7.63238
