FRAMES = 10
HIGH = 3.50675
LOW = 2.70812
AVG = 3.02704
