FRAMES = 10
HIGH = 8.63662
LOW = 7.49147
AVG = 8.04036
